1938 8.06666666667
1939 5.20833333333
1940 6.05
1941 8.04166666667
1942 7.45833333333
1943 6.53333333333
1944 7.53333333333
1945 6.84166666667
1946 8.03333333333
1947 7.45
1948 7.49166666667
1949 8.73333333333
1950 6.99166666667
1951 7.65833333333
1952 8.375
1953 8.85
1954 7.74166666667
1955 8.48333333333
1956 7.1
1957 8.0
1958 7.46666666667
1959 8.3
1960 7.675
1961 8.08333333333
1962 7.39166666667
1963 7.29166666667
1964 7.13333333333
1965 6.4
1966 6.89166666667
1967 6.53333333333
1968 6.69166666667
1969 6.86666666667
1970 6.71666666667
1971 7.06666666667
1972 5.91666666667
1973 7.94166666667
1974 6.78333333333
1975 7.675
1976 6.21666666667
1977 7.01666666667
1978 6.21666666667
1979 6.84166666667
1980 6.625
1981 7.14166666667
1982 6.81666666667
1983 7.76666666667
1984 7.29166666667
1985 7.2
1986 7.53333333333
1987 8.51666666667
1988 7.84166666667
1989 7.01666666667
1990 8.71666666667
1991 8.88333333333
1992 7.025
1993 7.175
1994 7.34166666667
1995 7.78333333333
1996 7.15
1997 7.55833333333
1998 10.1333333333
1999 9.45833333333
2000 8.25
2001 9.64166666667
2002 9.41666666667
2003 7.90833333333
2004 8.23333333333
2005 9.01666666667
2006 9.7
2007 8.90833333333
2008 8.225
2009 7.975
2010 7.6
2011 9.09166666667
2012 10.4833333333
2013 8.25
2014 7.45833333333
2015 8.56666666667
2016 10.0833333333
2017 9.26666666667
2018 9.09166666667
